pounds=250;
kilos=2.2*250;